1.6000257804989815 Test loss (%)
99.67479705810547 Test accuracy (%)

99.62911134596035 Kappa accuracy (%)
99.67479674796748 Overall accuracy (%)
99.55815148692457 Average accuracy (%)

                              precision    recall  f1-score   support

                     Alfalfa       1.00      1.00      1.00        14
                 Corn-notill       1.00      1.00      1.00       428
                Corn-mintill       0.97      1.00      0.99       249
                        Corn       1.00      1.00      1.00        71
               Grass-pasture       1.00      0.98      0.99       145
                 Grass-trees       1.00      1.00      1.00       219
         Grass-pasture-mowed       1.00      1.00      1.00         8
               Hay-windrowed       1.00      1.00      1.00       143
                        Oats       1.00      1.00      1.00         6
              Soybean-notill       1.00      1.00      1.00       292
             Soybean-mintill       1.00      1.00      1.00       737
               Soybean-clean       1.00      1.00      1.00       178
                       Wheat       1.00      1.00      1.00        61
                       Woods       1.00      1.00      1.00       380
Buildings-Grass-Trees-Drives       1.00      0.96      0.98       116
          Stone-Steel-Towers       1.00      1.00      1.00        28

                    accuracy                           1.00      3075
                   macro avg       1.00      1.00      1.00      3075
                weighted avg       1.00      1.00      1.00      3075

[[ 14   0   0   0   0   0   0   0   0   0   0   0   0   0   0   0]
 [  0 427   1   0   0   0   0   0   0   0   0   0   0   0   0   0]
 [  0   0 249   0   0   0   0   0   0   0   0   0   0   0   0   0]
 [  0   0   0  71   0   0   0   0   0   0   0   0   0   0   0   0]
 [  0   0   3   0 142   0   0   0   0   0   0   0   0   0   0   0]
 [  0   0   0   0   0 218   0   0   0   0   1   0   0   0   0   0]
 [  0   0   0   0   0   0   8   0   0   0   0   0   0   0   0   0]
 [  0   0   0   0   0   0   0 143   0   0   0   0   0   0   0   0]
 [  0   0   0   0   0   0   0   0   6   0   0   0   0   0   0   0]
 [  0   0   0   0   0   0   0   0   0 292   0   0   0   0   0   0]
 [  0   0   0   0   0   0   0   0   0   0 737   0   0   0   0   0]
 [  0   0   0   0   0   0   0   0   0   0   0 178   0   0   0   0]
 [  0   0   0   0   0   0   0   0   0   0   0   0  61   0   0   0]
 [  0   0   0   0   0   0   0   0   0   0   0   0   0 380   0   0]
 [  0   0   3   0   0   0   0   0   0   0   2   0   0   0 111   0]
 [  0   0   0   0   0   0   0   0   0   0   0   0   0   0   0  28]]