6.45783394575119 Test loss (%)
99.54471588134766 Test accuracy (%)

99.48088499160734 Kappa accuracy (%)
99.54471544715447 Overall accuracy (%)
99.55146890655926 Average accuracy (%)

                              precision    recall  f1-score   support

                     Alfalfa       1.00      1.00      1.00        14
                 Corn-notill       0.98      1.00      0.99       428
                Corn-mintill       1.00      1.00      1.00       249
                        Corn       1.00      0.99      0.99        71
               Grass-pasture       1.00      1.00      1.00       145
                 Grass-trees       1.00      1.00      1.00       219
         Grass-pasture-mowed       1.00      1.00      1.00         8
               Hay-windrowed       1.00      1.00      1.00       143
                        Oats       1.00      1.00      1.00         6
              Soybean-notill       1.00      0.98      0.99       292
             Soybean-mintill       1.00      1.00      1.00       737
               Soybean-clean       1.00      0.97      0.98       178
                       Wheat       1.00      1.00      1.00        61
                       Woods       1.00      1.00      1.00       380
Buildings-Grass-Trees-Drives       1.00      1.00      1.00       116
          Stone-Steel-Towers       0.82      1.00      0.90        28

                    accuracy                           1.00      3075
                   macro avg       0.99      1.00      0.99      3075
                weighted avg       1.00      1.00      1.00      3075

[[ 14   0   0   0   0   0   0   0   0   0   0   0   0   0   0   0]
 [  0 428   0   0   0   0   0   0   0   0   0   0   0   0   0   0]
 [  0   0 249   0   0   0   0   0   0   0   0   0   0   0   0   0]
 [  0   0   1  70   0   0   0   0   0   0   0   0   0   0   0   0]
 [  0   0   0   0 145   0   0   0   0   0   0   0   0   0   0   0]
 [  0   0   0   0   0 219   0   0   0   0   0   0   0   0   0   0]
 [  0   0   0   0   0   0   8   0   0   0   0   0   0   0   0   0]
 [  0   0   0   0   0   0   0 143   0   0   0   0   0   0   0   0]
 [  0   0   0   0   0   0   0   0   6   0   0   0   0   0   0   0]
 [  0   7   0   0   0   0   0   0   0 285   0   0   0   0   0   0]
 [  0   0   0   0   0   0   0   0   0   0 737   0   0   0   0   0]
 [  0   0   0   0   0   0   0   0   0   0   0 172   0   0   0   6]
 [  0   0   0   0   0   0   0   0   0   0   0   0  61   0   0   0]
 [  0   0   0   0   0   0   0   0   0   0   0   0   0 380   0   0]
 [  0   0   0   0   0   0   0   0   0   0   0   0   0   0 116   0]
 [  0   0   0   0   0   0   0   0   0   0   0   0   0   0   0  28]]