2.6417136192321777 Test loss (%)
99.08943176269531 Test accuracy (%)

98.96280880530752 Kappa accuracy (%)
99.08943089430893 Overall accuracy (%)
99.70053182129162 Average accuracy (%)

                              precision    recall  f1-score   support

                     Alfalfa       1.00      1.00      1.00        14
                 Corn-notill       0.94      1.00      0.97       428
                Corn-mintill       1.00      1.00      1.00       249
                        Corn       1.00      1.00      1.00        71
               Grass-pasture       0.99      1.00      1.00       145
                 Grass-trees       1.00      1.00      1.00       219
         Grass-pasture-mowed       1.00      1.00      1.00         8
               Hay-windrowed       1.00      1.00      1.00       143
                        Oats       1.00      1.00      1.00         6
              Soybean-notill       1.00      1.00      1.00       292
             Soybean-mintill       1.00      0.96      0.98       737
               Soybean-clean       0.99      1.00      1.00       178
                       Wheat       1.00      1.00      1.00        61
                       Woods       1.00      1.00      1.00       380
Buildings-Grass-Trees-Drives       1.00      0.99      1.00       116
          Stone-Steel-Towers       1.00      1.00      1.00        28

                    accuracy                           0.99      3075
                   macro avg       1.00      1.00      1.00      3075
                weighted avg       0.99      0.99      0.99      3075

[[ 14   0   0   0   0   0   0   0   0   0   0   0   0   0   0   0]
 [  0 428   0   0   0   0   0   0   0   0   0   0   0   0   0   0]
 [  0   0 248   0   0   0   0   0   0   0   0   1   0   0   0   0]
 [  0   0   0  71   0   0   0   0   0   0   0   0   0   0   0   0]
 [  0   0   0   0 145   0   0   0   0   0   0   0   0   0   0   0]
 [  0   0   0   0   0 219   0   0   0   0   0   0   0   0   0   0]
 [  0   0   0   0   0   0   8   0   0   0   0   0   0   0   0   0]
 [  0   0   0   0   0   0   0 143   0   0   0   0   0   0   0   0]
 [  0   0   0   0   0   0   0   0   6   0   0   0   0   0   0   0]
 [  0   0   0   0   0   0   0   0   0 292   0   0   0   0   0   0]
 [  0  26   0   0   0   0   0   0   0   0 711   0   0   0   0   0]
 [  0   0   0   0   0   0   0   0   0   0   0 178   0   0   0   0]
 [  0   0   0   0   0   0   0   0   0   0   0   0  61   0   0   0]
 [  0   0   0   0   0   0   0   0   0   0   0   0   0 380   0   0]
 [  0   0   0   0   1   0   0   0   0   0   0   0   0   0 115   0]
 [  0   0   0   0   0   0   0   0   0   0   0   0   0   0   0  28]]